2935
2724
2839
3087
2994
3577
2961
2855
2775
3291
2952
3187
3239
2992
2818
3060
2904
3106
4924
2760
3013
2666
3604
2791
40830
4467
3784
3037
2835
3183
4786
2928
3203
2764
2915
3135
3064
1309
3168
1160
3266
1119
3205
1130
3238
1148
12725
1453
3053
1221
3161
1123
3111
1121
3153
1233
3115
1142
3993
1405
3233
1305
3091
1109
3251
1196
3091
1140
3065
1393
3386
1137
3463
1293
3340
1132
3124
1139
3096
1280
3063
1174
2918
1214
5634
1184
2964
4058
2990
1287
2990
4872
3944
1228
3162
1168
5603
1296
3283
1242
3068
1335
2966
1275
3004
5699
3031
1312
2934
2950
3070
2959
5040
3036
2858
3058
2807
2904
2836
2909
3013
2684
2897
2992
2625
2929
5147
3135
2888
2694
2887
2604
3002
3018
3023
3083
4134
2873
2802
3097
2867
4749
2845
2879
5207
3140
2977
2796
2986
2869
3963
2987
3066
3671
1252
3139
1134
3231
4051
4405
1297
3083
1316
3239
1280
3287
1186
3150
1167
3304
1132
2970
1139
3301
1190
3160
1155
6756
1363
5259
1282
3018
1217
3236
1193
3069
1217
3232
1773
3023
5451
3154
1199
3157
1179
3372
1178
2975
1097
3172
1095
2900
1193
3261
1175
3205
1107
3231
1193
3012
1069
3779
1271
3083
1178
3354
1191
2950
1161
2897
1098
3182
1115
3319
1113
3175
1191
2772
1281
3107
1122
3061
1122
2946
5199
3922
1229
3045
1126
3096
1166
4887
1192
3858
3926
3523
4322
4014
3897
3526
3538
3800
3946
3670
3674
6005
4042
3847
3663
3683
3679
6495
3527
3955
3825
3869
3675
3820
3642
5469
3436
3602
3777
3751
3692
3640
5537
3576
3714
3209
2024
3305
1905
3339
1937
2972
1953
3416
1951
3682
2389
3096
1970
2956
2001
3026
1897
3016
1992
3071
1885
2881
3437
2785
2139
3237
1950
2756
2012
88391
2185
3045
2356
2949
1968
3009
2018
3197
2089
13347
2148
3308
2165
3096
1999
3551
7852
3539
2124
3124
2008
3152
2008
3255
1868
2995
2653
3823
2183
2949
2085
3024
2257
3040
2022
2998
1924
3030
1961
3122
1961
4047
4006
4021
4008
7367
4842
4645
4275
4299
4742
4137
4304
4480
4165
4066
5415
3972
5690
4088
3866
3772
3888
4344
4725
4520
4232
4217
4374
4312
8645
5674
3987
8588
4233
4367
5619
4084
3902
7096
4272
3979
4169
3949
3981
3982
3213
2447
2906
2240
3169
2168
5180
2968
3359
2279
3670
2357
3766
23065
3095
2327
3328
2268
3202
2195
4561
16043
3077
2356
3153
2269
3480
2478
3324
2239
3244
2430
2967
2447
2960
2251
3037
2311
2990
2258
3118
2354
4798
3160
2886
2417
2815
2387
3158
2103
5282
2243
6313
2528
3940
2479
3096
2311
2921
2441
2993
2396
3092
2173
2997
2348
3329
2417
3252
2342
3284
2246
3298
2622
3020
2540
4824
2531
3106
2324
3135
2125
3024
2258
3139
2242
3067
12072
3021
5511
3212
3084
3528
2826
3343
2831
3414
2982
2935
2938
4686
2647
2373
3101
6428
2888
3024
2844
3117
2755
2692
4183
2894
2597
3051
1095
2898
1097
3829
1327
3087
1141
3160
1192
3057
1183
3076
1194
2951
1113
2797
1144
4002
4756
3129
1200
2940
1139
3120
1095
2975
1160
2994
1062
3178
1124
3074
1093
2796
1153
3127
1031
63232
1086
2914
1227
3039
1089
4717
1116
3197
1073
2847
2629
2635
2572
2647
2802
2936
2638
3000
3124
2943
3074
2585
2842
2762
2868
2727
2646
2767
2592
2824
2855
2729
2658
2670
2766
2840
2756
2968
3225
2949
2887
6333
2750
1210
2983
1116
2822
1051
3019
1152
3339
1236
3048
1146
3227
1074
2845
1045
3065
1082
5027
1295
2734
1153
3393
1265
2989
1186
3056
1127
3035
1196
3006
1105
2945
1101
2754
1282
3055
1103
3031
1179
5061
5461
3036
1635
2843
1326
3146
1213
2970
1118
2907
5039
3131
1198
2799
1124
3108
1148
3026
1141
2657
1158
2878
1206
3176
1093
3752
3088
2966
3028
2999
7764
3074
3640
3117
3238
3090
3458
3097
8424
3223
3000
3149
3257
3345
2980
3315
3249
3030
3125
2949
1589
3677
1448
2869
5316
6719
1894
4793
1458
2969
1532
3054
1376
3165
1370
3607
1455
2885
1497
2901
1750
2990
1464
2671
1474
3864
1393
2898
1439
4125
1607
13912
1664
3216
1534
3657
1471
2911
1434
4108
1731
3026
1440
4659
1649
2970
1501
3297
3532
3356
3402
4234
3536
3433
3499
3280
3655
3712
3429
3412
3281
3477
3341
3427
3397
3413
3660
3493
3147
3622
3278
3525
3438
5585
3425
3792
3422
3325
4994
3149
3107
1835
2804
1720
5548
2137
22009
1793
2786
1893
3121
1802
3121
1763
3297
1735
3142
1876
3018
1799
3147
1754
3166
1669
2934
2114
2866
1899
2882
1824
2865
1985
2877
1665
3014
1700
5638
2161
2958
1893
3212
1677
2955
1760
3039
2501
3074
4196
3200
1811
3004
1854
3337
1932
3021
1856
2839
1758
2991
1708
2977
2003
3021
1676
3226
1714
2688
2664
2899
2976
3127
2944
3600
2650
2804
2981
2709
2912
3024
2651
4193
2919
2890
5445
2962
2813
2803
23906
3211
2946
3247
1250
2713
3008
2864
3089
3130
1158
3238
1321
4118
1280
2927
1187
2926
1870
3043
1399
2952
1102
3827
1125
4372
1111
3320
1203
3116
1713
3919
1866
2886
1208
3071
1233
3077
1196
3026
1163
3087
1188
2864
1220
3678
1573
3090
3759
5443
1374
3745
3829
3857
4555
4002
5895
3676
3555
3602
3722
3831
3810
3286
3469
3535
3550
8492
4186
3958
3812
3618
5221
4032
3745
3137
2077
3155
2006
4383
2148
2960
1990
3033
2037
3020
2293
3262
1971
3158
2025
2867
7643
2811
2122
3148
5754
3096
2142
4597
2530
3065
1944
3207
2530
2926
4836
3105
2245
2842
2395
3248
2077
3167
2047
4579
2541
2827
2128
4451
2085
3130
1910
2938
2887
2588
3003
2857
2958
3167
3075
4842
2717
2914
2944
2923
2930
2648
4672
2988
3051
3039
2895
2874
2728
3255
2950
3161
1180
2961
1267
3181
1201
3035
1118
6033
1287
3054
1093
3047
1189
3772
1219
4068
1198
3036
1174
3211
1123
3974
1242
3032
1150
3721
1102
3202
1121
3031
1147
2913
1139
2972
3279
3478
1304
12503
1321
3143
1127
2895
1800
3357
1252
6869
1242
3554
30627
3673
3683
6868
4852
3822
3795
3590
3642
3461
3647
3525
4678
3669
5201
4013
81850
3427
5371
3806
3666
3875
7071
3010
2053
3173
2057
3029
2438
3260
2017
2933
2205
13696
2149
3436
2125
3062
2009
3109
1977
14292
1982
3142
2033
3127
2299
4690
2388
4635
3095
3028
1941
3212
2069
3060
2263
3322
2029
2887
1978
3542
3183
3238
2052
3379
1965
3293
2291
3044
2051
6406
2921
2899
3054
2949
3108
2992
2848
2747
2724
2759
3431
2737
2929
3012
2722
4435
2834
3169
3075
2842
2881
2832
2830
8398
6974
6331
6142
5774
5390
6115
6363
6403
5830
6043
8082
6489
6010
6228
7290
7188
6083
6412
5982
6365
6355
6344
5394
5181
2696
2774
3125
3866
7182
2722
2481
2817
2840
2788
2609
2912
2758
57996
2750
2957
2780
2593
2850
2889
2968
14888
2874
3637
2586
2699
2853
2967
2806
2959
7754
2803
2785
2721
3112
2889
2687
2779
2788
2675
3762
2926
3084
4333
2993
2916
2723
3196
1174
4248
4579
2845
1143
4214
1132
3741
1122
2991
1126
3293
1128
3125
5829
5022
1278
2973
1221
3004
1126
3054
1093
2732
1251
2950
1175
2932
1107
5045
1193
4387
1299
2911
1288
3126
1158
2974
4538
2968
1270
2841
1195
3221
1111
2832
1146
2961
1196
2892
1162
2930
1176
2996
1186
4069
1285
2891
1294
2809
1191
2991
1214
3011
1196
3110
1170
3393
1322
3254
1193
3965
1142
4905
1302
2879
1493
3215
1126
3484
1223
3086
1222
3197
1143
2874
1120
3134
1156
7377
1225
2926
1121
2970
1186
3393
4025
3207
3172
3443
3633
9684
3956
73843
3137
3276
2924
3281
3171
3267
3446
4141
4828
3115
3125
6584
3072
3659
3151
2760
2959
3175
2922
3464
3144
2920
3123
3227
2956
3326
7173
3537
3109
3130
3417
3046
3448
4424
4242
3201
3417
3057
3219
3351
1636
3279
1461
2901
1492
3180
1553
2884
1523
5083
2810
3065
1577
3065
1387
2803
1443
3105
1405
3089
1620
4371
1889
3091
2098
3624
1512
3111
1532
3248
1444
3126
1508
3174
1482
2846
1546
3050
1539
2659
2063
2832
1586
3127
1444
2960
1469
3230
1493
2824
1550
2883
1467
2944
1568
3395
1418
3268
1488
3192
1423
3054
1452
3303
1441
2902
3647
2808
1528
2917
1519
3400
1480
5471
1652
4240
1699
2990
1621
3114
14903
2994
1591
2766
1502
3388
1399
2989
1413
2767
1416
4073
1632
2791
1568
3023
2900
4538
2970
2900
2864
2840
2829
7752
2664
5109
4797
4864
3672
2784
2933
2730
2776
2813
2825
3077
2773
4257
2998
2753
4796
3817
2791
2952
3135
2855
2887
2659
2859
2919
3896
2957
2690
2891
2699
3106
2812
4204
3037
4062
2794
4918
2965
3111
1457
2855
1308
3304
1229
3083
1187
3085
1206
8067
1269
3109
1348
3043
1187
2899
1107
2800
1193
2880
1100
3158
1192
3975
1218
3046
1258
2853
1120
3276
1153
3030
1192
3662
1154
2768
1206
3039
1264
3036
1216
3046
1171
3161
1110
3134
1101
4305
1073
3133
1168
3051
1045
3745
1297
2964
1202
3096
1208
4506
1218
3119
1096
5171
1277
2925
1197
3069
1104
3789
1410
3111
1123
3107
1168
2714
1252
3106
1200
2989
1253
3202
1057
3023
5554
3038
1378
3009
1271
3769
1254
2781
1107
3049
1127
4909
3103
3233
3377
4772
3001
5076
3409
3273
3085
3360
2990
3034
3134
7504
3428
3253
3040
2968
5527
3313
3107
3061
3231
3018
3467
4702
3299
3191
3462
21490
5491
3137
3057
3082
3340
3149
2994
3265
3064
3379
3211
3227
3169
3085
3208
5316
10664
2966
1549
3095
1613
3865
1632
4549
1542
3185
1588
4694
1724
3115
1583
4576
1615
3039
1525
4285
1778
3106
1613
3019
1493
3131
1396
3211
1487
2897
1492
3005
4029
20305
1491
2976
1537
2924
1504
3461
1544
3113
1551
5007
1802
3428
1561
3086
1488
3043
1457
3069
1423
3547
1546
3611
1926
7273
2080
2800
1614
3277
1420
3127
1560
3285
1528
4285
1561
2853
1540
3096
1541
2869
1715
2874
1623
4727
1632
3066
1505
2970
1637
2920
1689
3116
1668
2968
1454
2941
1535
4186
1630
3018
1599
2888
1494
2975
2987
2962
3132
9559
2888
3174
2881
2872
2831
4164
2917
2748
2459
2630
3928
2902
2947
2962
2818
2644
2701
2859
6180
6340
2753
4720
2912
2947
3512
2770
2738
3180
3053
3335
3567
5377
3167
2918
2684
2828
4930
3032
2927
2855
2683
2959
4034
3111
1295
2815
1068
3006
1170
3235
1119
3041
1244
3028
1157
3072
1293
2972
1142
3239
1033
3280
1167
3102
1238
2942
1181
3404
1246
2958
1323
2994
1226
2770
5068
2892
1203
3095
1155
3028
1123
3130
1189
3045
1116
4700
1215
3025
1170
2973
4829
2837
1234
2773
1167
3125
1146
5489
1119
4202
1218
3824
10357
2944
1213
3205
1184
3174
1108
2938
1160
2700
1345
2940
1252
3086
1121
3097
1146
3050
1207
3100
3042
3058
1279
4922
1125
2902
1154
3211
1141
3208
1132
3321
1252
2976
1248
3041
1176
20483
3277
3141
3531
2976
5660
2979
4464
3215
3089
3205
2986
3166
3170
3201
6375
3067
3134
3123
3109
3213
3025
4575
4214
3198
3126
3328
3242
3280
3359
3356
3178
3158
3042
4502
3205
3218
3277
3283
5077
3126
3166
3434
3576
3717
3112
3271
3188
2995
1546
3205
1563
3175
1762
3239
1507
3025
1467
3121
1553
3035
1683
3249
1590
3535
2299
2829
1688
8204
2370
3017
1588
2970
1490
3103
1456
3066
1441
2915
1586
2996
1475
4560
2724
2893
1644
2960
1686
4842
1592
2979
1551
2945
1738
3018
1739
3435
1542
3174
1511
2951
5158
3035
1656
5960
1600
5594
1785
3175
1576
4482
1984
4528
1731
3017
1624
4308
1514
2889
1515
3538
1816
3157
1496
2966
1444
2957
1487
2784
1521
2983
1532
2993
1522
3908
1673
3090
1660
3254
1464
4158
1704
3025
1723
2846
2961
2799
3023
2867
4392
13651
2841
2920
2855
2763
3129
2763
3040
2969
2748
2918
2970
2728
2979
2756
2893
3036
2843
2956
2816
2761
2710
2694
2571
2940
3048
3020
2718
2755
2588
2820
3067
3816
2609
3468
2896
5008
2990
2882
78837
3830
2888
3333
1227
2913
1284
3106
1125
3128
1026
5164
4895
3093
1239
3034
1167
3113
1221
3276
1200
2949
1766
2956
1274
3062
1134
2995
5661
4539
1246
3733
1310
3135
1221
3158
1174
3030
1075
2869
1058
3331
1139
18131
1288
2942
1018
3768
1270
2854
1145
3032
1200
3049
1040
2812
1213
3341
1240
2941
1176
3358
1679
3066
1036
3094
1185
3083
1125
2898
1092
2866
1231
6456
1389
3003
1216
3123
1168
3098
1174
3040
1300
2879
4750
4971
1179
3211
1305
2775
4595
4472
1283
2986
1170
3415
1843
2843
1215
4189
17592
3110
3095
6200
3248
3511
4475
4333
3353
3305
3095
3047
3142
3139
3053
3251
3289
5342
3224
3417
3006
3144
4624
3229
3056
3079
3240
5322
3172
3124
3221
3237
4324
3163
3034
3144
16359
3355
4040
3215
3324
3418
4768
2994
3621
5026
2923
3056
1652
3231
3824
3025
1401
4504
1685
3163
1538
3019
1586
3002
1466
2938
1510
2792
1472
2903
1779
3040
1576
2987
1409
3070
1501
3146
1426
3162
1523
4397
1602
2962
1582
3100
1641
3071
1575
2925
1494
3248
1503
2835
1627
3120
1524
3575
1483
3014
1566
2866
1505
5097
1676
3012
1627
2859
1418
3128
1520
16305
1554
3329
1388
2934
1564
3199
1589
2963
1455
2946
1606
3652
1767
2923
1624
2955
1488
2962
1608
3044
1574
3077
1494
3074
1662
3055
1466
2667
1944
2894
1699
4372
1734
4541
1843
2998
2946
2754
2827
3266
2796
3625
2815
3838
2788
2721
2775
2774
2967
2997
2924
2698
2917
2931
2648
2902
2655
5429
2674
4180
3222
2699
2729
2713
2784
2683
2803
2858
4325
3047
2995
2773
2844
3884
5886
2887
2806
2767
2898
2790
2630
2611
2936
3371
1236
3133
1219
3026
5322
2882
1215
2988
1122
3003
1226
3118
1115
2940
1139
3322
1236
2845
1261
2964
1120
3050
1153
3037
1173
3008
1159
3202
1219
3512
1262
2997
1180
2903
1171
2932
1174
2815
1114
3100
1156
4138
1226
2782
1124
3014
1147
2888
4793
3006
1172
3079
1192
3021
1144
2981
1070
3005
1166
3077
1139
3059
1331
2844
1224
2999
1036
3026
1116
3044
1146
4381
1351
2981
1204
3096
1253
3263
1125
2896
1055
3082
1126
3043
1226
3157
1179
3464
1159
3186
1167
2929
1164
4820
1258
3138
3121
3120
3129
2993
3404
3206
4349
3692
3075
3286
3243
3273
2951
3080
3338
3061
3086
3382
3189
3481
2998
3202
3186
3174
3528
3226
4205
3073
3688
3072
6013
3063
3675
3083
3260
3357
3089
4595
3471
3124
3492
5050
3248
3218
3119
3246
3082
2956
1642
3313
1348
3624
1497
3217
1467
3861
1560
2838
1597
2979
1631
2690
3228
3064
1470
2973
1458
2983
1845
3763
1613
4722
1940
3324
1647
4096
1488
3004
1543
3498
1787
2990
1718
2833
1870
3264
1569
2945
1990
2942
1479
4573
1765
2991
1529
2976
1776
6329
2051
3085
1672
3253
1453
2824
1590
3069
1600
4437
2440
4067
1678
2937
1563
2996
1442
3243
1452
2966
1431
3175
1526
3207
1470
3156
5091
3090
1494
2936
1500
2963
1370
6234
2022
3084
1558
3075
1465
3549
1507
3112
1568
3211
2013
2802
2756
2617
2640
2779
2898
4305
2701
2818
2826
2823
3250
2706
2820
2819
4617
3159
2812
2836
2784
2589
2672
4581
2787
2780
3030
4784
2746
2867
3085
2624
2989
2686
2815
2567
2713
2837
2889
5314
2742
2875
2875
2773
2807
2909
2679
2795
5907
2969
1234
5055
5155
2717
5178
3078
1204
3264
1053
3148
1100
2952
1173
3077
1142
3656
1236
3420
1192
3208
1207
3235
1124
2848
1169
3011
1137
3167
1080
3033
1109
2889
1209
27904
1148
3026
1131
5082
1376
2773
5431
2957
1238
3180
1122
2587
1676
6784
1470
3105
1186
3025
1204
3255
1114
3214
1149
2943
5091
2973
1220
3362
1129
3674
4130
3647
2474
3874
1274
3236
1212
3729
1293
3244
1197
3337
1123
2992
1093
3079
1161
2954
1153
3100
1042
2911
1199
3023
1198
2935
1170
2928
1144
2988
1121
2911
3138
3078
4428
3252
3377
3067
3888
3194
3159
3444
3242
3021
3289
3157
2981
3080
3021
6728
3262
3019
6189
2865
3246
3756
2965
3259
3306
3271
4861
3165
3334
3071
2985
3052
3169
2944
3586
3285
3351
4944
3829
3065
4804
3329
3044
3131
3376
3005
1670
3281
1632
3062
1521
3168
1494
3569
1856
3002
1448
2949
1579
7071
5008
3058
1854
2958
1553
2850
1604
2979
1533
3123
1438
2865
1568
3171
1544
2829
1637
3081
1422
3012
1446
3035
1351
2852
4924
3337
1619
2860
1449
3007
1472
2827
1754
4380
11620
3130
1542
6370
1722
3200
1701
3094
1497
5410
2965
4177
1446
2908
1476
4350
1671
3722
1720
3134
1445
3266
1709
2955
1571
3930
1614
3136
1555
3403
1679
3039
1298
4181
1335
3309
1406
4934
1403
3025
14437
3194
1648
5143
6212
5744
2106
2733
2831
2823
2708
4668
2692
2964
3398
4880
2654
2711
2858
6308
2608
2897
2697
3140
3731
2611
2952
2660
2791
3088
2488
2630
4335
2992
3096
2930
2820
2697
3188
3269
2894
3078
2602
2616
3889
2875
2884
2648
4685
2985
3003
3176
2599
2534
2840
3095
1257
2880
6483
5668
1177
2862
1107
3063
1158
2996
1194
3247
1158
2974
1233
6347
1226
2949
1154
2894
1142
3062
1107
3040
1200
3000
1219
3614
1122
3144
1209
2891
1061
2897
4958
3099
1163
2954
1127
33014
11058
2914
1164
2957
1118
2865
1161
2964
1126
3015
1079
3006
1158
3108
1095
2809
3231
2758
1137
3110
1126
3010
1133
6711
1387
2816
1171
2869
1147
3040
1243
3081
1162
3193
1030
3125
1215
3063
1179
3116
1183
2986
1019
5650
1176
3088
1208
3022
1110
2955
1195
3678
1167
2928
1152
3375
3034
3290
6376
3073
3018
3167
2946
2933
5302
3268
3213
4553
3082
4639
3127
7722
3492
3023
3100
3284
3231
4461
3081
2925
3304
3325
3090
3246
3182
3168
3180
3153
3209
3189
2786
3053
3027
2978
3014
3216
22085
6537
5787
3252
2904
2951
2873
2946
1972
2794
1477
3158
1498
3683
1520
4291
1969
3263
1423
2791
1453
3041
1462
3126
1491
3103
1337
6366
1756
2951
1501
3103
1458
4925
1555
3011
1507
2742
1372
3095
1449
3062
1333
2962
1624
3123
1487
3867
1735
3049
1569
3072
1524
2909
1464
3457
1558
3016
1459
3043
1606
3282
1543
3079
1554
2946
1645
2924
1857
3050
1502
2952
1373
2929
1613
2980
1850
3074
1508
3431
2173
2873
1595
2993
1612
3068
1544
2858
1526
3125
1454
2831
1436
3099
1496
2821
2172
2946
1619
3081
1463
2945
1516
3017
2685
2469
2666
2740
2640
3641
2770
2613
2690
2758
2620
3054
3176
2741
2887
2950
4549
4450
3376
2733
2767
3938
2791
2899
3001
2782
3076
3184
2763
3051
2862
2910
2723
2647
2628
2781
2870
2740
4629
2716
3162
2908
2919
2996
2606
2987
2775
3051
4277
3057
1190
2930
1187
3914
1144
3035
1123
2795
1124
3069
1109
3128
1106
4644
1241
3180
1249
2894
1097
2900
1162
2886
1060
2873
1167
3060
4031
3186
1209
3334
1202
3881
1219
3349
1363
2952
1236
3173
1152
2935
1092
2911
1073
3031
1138
2888
5628
3073
1137
3002
1098
3203
1182
3206
1121
2929
1112
3113
1584
2855
1147
3174
1213
3573
1183
3151
1164
3835
1115
3216
1507
3165
1235
3032
1254
3065
1214
3247
1200
3073
1199
3108
1137
2915
1547
2896
1258
2966
1159
3264
1212
3588
1214
2743
7011
3517
3322
3175
3133
3093
17367
3164
2927
3262
3307
3457
3243
3117
2878
2966
3143
3037
3028
5305
3417
3244
3273
3904
3419
3246
3202
3270
3154
5870
3166
3082
3309
3250
3274
7303
3335
2960
3074
4319
3251
3286
3150
3070
3162
3033
7329
3235
1462
2997
1387
3036
1513
3909
1714
3105
1488
2825
1415
2903
1609
2942
8588
4021
2364
3314
1481
2620
1456
3116
1380
3106
1514
2867
10144
2876
1641
3911
1517
3099
1492
2945
1439
3218
1523
2884
12192
2854
1524
2864
3644
2884
1489
2769
1502
3239
1520
3137
1502
3059
1491
4814
1676
2967
1600
3177
1531
3213
1516
3181
1474
2939
1469
2801
1549
3878
1540
2722
1517
4902
2056
15871
1559
3213
1389
3033
1466
3219
1542
3717
1508
3085
1452
2950
1629
2855
1602
2946
1458
4618
1524
2885
1504
12152
2585
2813
4158
2831
2707
2949
3032
4736
2921
2796
2768
2846
8757
3956
2783
3077
2594
2830
3010
2910
4250
2693
2651
2904
2963
2784
4445
2809
2836
2752
2761
2950
2618
2842
2692
2796
3098
3596
2677
4345
3100
2994
2796
6692
2888
2720
4800
4884
1167
3086
1210
2877
1058
3209
1140
3469
1536
2945
1167
4695
1168
3114
1207
2990
1238
2878
1128
5154
1245
3041
1144
2937
1156
3437
1160
2915
1214
2843
1202
2991
1146
3995
1172
15952
1228
13256
1255
3244
1227
3035
1185
5427
1205
3470
1574
13386
1364
2909
1182
2975
1131
3834
1421
3711
1220
3142
1243
2934
1085
2961
1100
3036
1132
3032
1132
2898
1268
2825
1077
2850
1158
4524
1276
4472
1288
2956
1147
2995
1088
2841
4895
4656
1235
3056
1190
4004
1195
3013
1067
3129
1146
6793
1135
3202
3385
3512
5172
2974
3316
3232
5667
3042
4464
3240
3241
3796
3848
3512
3069
3390
27682
3153
3208
2875
3181
3095
2988
3169
2955
3249
3275
3040
3207
3218
3063
3275
2944
2978
3219
3192
3247
5089
2970
3361
4618
2951
3302
2872
3602
4237
3058
3428
2575
3010
1638
2994
1412
2872
1461
2816
1444
3203
1502
3089
1590
3038
5283
2772
1544
3067
1551
2971
1485
3255
1477
3002
1327
5490
2129
2968
1542
8475
1648
3206
1562
5599
2228
2807
1640
2983
1614
4467
1706
4215
1653
3005
1677
2981
1683
2783
1486
3433
1748
3764
1585
3006
1514
3045
1487
2855
1418
3195
1415
4695
1409
2682
1599
2929
1572
3072
1453
7111
2457
3116
1527
2877
1494
5386
1524
3089
1432
3260
1444
4497
1720
2939
1579
2874
1448
3269
1416
3047
1447
3023
1501
2998
1601
2745
2725
3306
5093
3016
3189
2640
2988
2976
3055
2730
2870
2787
2837
2809
2650
2581
2754
2750
3017
2830
2843
2994
22569
2855
2563
2776
2830
3834
2793
2701
5219
2658
3146
18343
6068
2769
4796
2720
2961
2715
2616
2938
2749
4923
2667
2736
2826
3082
1213
2960
1192
3230
1203
3107
1166
3015
1124
2972
1169
3125
1116
3573
5326
2898
1285
3076
1179
2807
1129
2868
1092
5233
1254
2916
1200
2917
1167
3045
1149
2867
1254
2828
1152
3323
1441
7606
1356
3002
1148
2848
1092
3039
1212
3128
1198
2879
1149
3345
1149
3024
1156
5142
1243
3795
1219
2943
3156
2962
1202
3013
1141
3038
1079
3071
1170
2894
1122
3082
1060
4247
1151
2877
1121
3123
1121
2998
1174
3055
1209
3091
1204
2985
1267
3145
1197
3061
1112
4066058
1633
2875
1201
2912
1113
5094
3695
2932
3202
2916
3015
3317
10857
2923
3056
3226
3149
3528
4665
3262
12683
3239
3179
3245
3038
3170
2955
4181
3297
3091
2986
2914
3125
3207
3232
3151
3204
3082
3200
24540
217739
4263
3281
3086
3224
3156
3284
4568
3159
2839
5686
2935
3222
4811
1529
3194
1449
5195
2283
2924
1586
4147
1420
2916
1464
3410
1427
3058
1454
3177
1601
3025
1595
2974
1461
5656
1909
3103
1546
13960
1551
3103
1495
2838
1688
2808
1668
5010
1576
2780
1482
4609
1520
2993
1500
2905
1423
3084
1483
7390
2127
3077
1592
2875
1489
3044
1464
3115
1517
3118
1528
3123
1541
2884
1552
2980
1513
3068
1469
2710
1523
2921
1551
3267
1481
3169
1701
3077
1627
3343
1505
3051
1416
2985
1465
3034
5132
3383
1620
2821
1497
2989
1473
4574
1663
3056
1499
5025
1630
2715
2769
4117
21894
2802
2978
2941
2819
2968
2651
2915
2985
2603
2771
2917
4336
2792
4278
3790
5842
3714
4450
3350
2759
3038
2958
4691
4298
2929
3047
3003
2827
2850
2683
2927
2720
2926
3076
2945
3004
2567
3508
2860
2852
2810
3552
2559
3748
3189
1231
3133
1215
3063
1176
2963
1605
2999
1165
3177
1164
2881
1225
3357
1138
3196
1132
2969
1158
4668
1182
3402
1236
3046
1174
2927
1098
3163
1189
3986
1407
3481
1486
3057
1137
7096
1363
3021
1175
5069
1267
3066
1459
2990
1146
2886
1170
3173
1163
3074
1078
4367
1351
3044
1242
2835
1204
3053
1187
2958
1137
3081
1121
2938
1105
2927
1204
3228
1159
3465
1306
4642
1187
4479
1200
2901
1157
2879
1302
3309
1157
4983
1320
5758
1234
2975
1240
4140
1160
4990
1196
4321
1211
3022
1170
3063
2889
4165
3039
3312
3033
3228
2982
3124
3195
3262
3237
2956
3195
3288
3280
3044
7699
3395
3376
3311
3006
3129
3661
3110
3108
3233
4472
3118
3128
2845
3184
3310
3263
3090
3239
3386
3311
4426
3221
4942
3048
2957
2920
4276
5861
3365
3022
2854
1622
2964
1606
3028
1468
2953
1403
2894
1472
3009
1736
2905
1532
3076
1411
2797
1431
3238
1298
2986
1407
3829
1673
2857
1633
2870
1488
2935
1526
3186
1571
2995
1413
4750
1632
3091
1505
2972
1480
2925
1512
5666
5576
3241
1692
13927
1574
3199
1517
3317
1448
3129
1739
3031
1606
3000
1547
2814
1753
3062
1622
3602
1729
2889
1470
3156
1424
2974
1407
2982
1484
2859
6246
2941
1518
3112
1593
2960
1469
2890
1449
3012
1547
3063
1692
3204
1453
2880
1508
2764
5155
5202
1663
3070
1643
5616
12028
3829
3169
5475
2838
3736
2811
2888
3315
2792
4736
2731
2962
3693
2968
3041
4099
2801
2658
2818
2717
2463
3142
3029
2974
2603
3006
3071
2870
2771
2981
3637
4683
2811
2911
2811
2647
2692
2828
2752
4039
4163
3416
3075
3935
2766
4802
2977
1228
5527
1230
3361
1468
2948
1303
2920
1165
3017
1179
3177
1137
3024
1105
2714
1132
2765
1091
2765
14632
2867
1172
4064
1190
4457
1152
3497
1143
3012
1079
2980
1203
3025
1148
3180
1078
3596
1165
2823
1415
3048
1182
2918
1174
2892
1128
3033
1121
3233
1191
5543
1691
3716
1276
2898
1137
3325
1163
2889
1557
3451
1239
3326
1195
3008
1178
2987
1179
3165
1267
2915
4413
3049
1363
3089
1121
3013
1101
3181
1152
2876
1135
3129
1127
2972
1169
3130
1141
12715
11193
2837
1486
2982
1234
3169
4576
8721
3241
3112
3154
3247
5162
3226
3240
3245
3223
3174
5892
3306
3652
3421
3213
3365
3411
3051
3225
3066
3532
3261
3877
3123
3001
3054
3161
3279
3598
3127
3834
3392
3246
3101
3170
3233
3158
3254
4324
3222
3052
3283
2951
3281
3258
3203
1468
7437
2671
9856
1590
2951
1470
3087
1437
6745
1775
3152
1482
3181
1427
17486
4948
2907
1573
4312
1638
2980
1743
3172
1523
2926
5533
3136
1590
2835
1924
3124
1663
3086
1456
3087
1585
8455
1825
3171
1572
2928
1652
3120
1552
4153
1499
6377
1690
3086
1529
2949
1576
4597
1790
2902
1654
5620
1613
2999
1537
2972
1625
3398
1528
6740
1914
3132
1694
3155
1677
3003
1455
3094
1472
3946
1672
3001
1554
3031
1519
3242
1475
3086
1566
2980
1406
3659
1503
3098
1557
3107
1793
3122
1546
2946
2940
2918
2984
7583
3185
4215
2766
2883
3115
2814
2714
2804
3046
2565
2826
3088
2782
3490
2985
2700
3801
2691
2861
3103
3146
3909
5598
2597
5635
3032
7295
2664
2842
2988
2611
2806
3035
2761
3027
2900
2733
2934
2725
2743
6688
2859
2667
3307
1146
2952
1125
2865
1216
3039
1195
2882
1186
3022
1171
3086
1221
3356
1203
3065
1312
2842
1120
3184
1161
2976
1046
3124
1141
5629
1257
3212
1201
3065
1162
3167
1159
3213
1138
2989
1214
4208
1231
3006
1205
3128
1216
2955
1161
3146
1128
3193
1186
4988
1284
2891
1246
3005
1163
3187
1075
2864
1216
3161
1335
3087
4587
2710
1177
3178
1084
2968
5319
2906
1191
3864
1173
5966
1315
4184
1335
3004
1234
3234
1196
2884
1142
3155
1126
3108
1164
7056
1308
2934
1286
2989
1103
2935
1150
3082
3206
3192
3212
3176
5842
3538
2919
4722
3147
3300
3363
3329
3256
4900
3086
3131
3204
3134
3402
3023
3198
3191
3303
3190
5208
4586
3250
3216
3315
3181
3604
4136
2973
3737
3278
3372
4969
6466
4047
3156
3315
3339
5529
4490
3317
3365
3042
2884
1622
3366
1516
3018
1510
7010
1835
2981
1519
4266
2037
2982
1584
3954
1517
4329
1611
2970
1466
3790
1440
2944
1583
2859
1514
3241
1519
4165
1712
2856
1677
2958
1520
4796
1617
2952
1558
3229
1538
2858
1536
3026
1517
3053
1549
2978
1475
4973
1869
2834
1598
4062
1544
3197
1547
3205
1510
3043
1621
6365
1530
2878
1574
3098
1444
3211
1522
3029
1542
3125
1595
5285
1598
2952
1572
2688
5509
2990
1520
3261
1482
2993
1476
5898
2198
2894
1539
5256
1728
2875
1674
3019
1641
2921
1658
2771
2963
2776
2857
2746
21810
2641
2831
2967
4026
3310
2741
3104
2875
3354
2856
2853
2583
2691
2928
2538
2804
2840
2756
3069
2712
2965
2666
2733
2939
2648
2607
2940
2871
2789
2901
2625
2817
2835
2829
3133
2780
2932
3649
2999
2836
3070
3230
5227
1496
5328
1345
3197
1120
12844
1155
3166
1174
2991
1152
3814
1176
3094
1205
3088
1136
3221
1120
2776
1065
2713
1138
3174
1231
3152
1213
3361
1187
3231
1099
3906
1132
2828
1258
3588
1207
2988
1151
3052
1171
3181
1125
3132
1092
5431
1244
3159
1132
2895
1194
2986
1144
3050
1137
3128
1169
2910
1311
2942
1183
3271
1112
6652
1243
2897
1281
2919
1177
2927
1246
3156
1123
2916
1106
2967
1146
2945
1245
3173
1241
2958
1187
3752
1214
5619
1244
5197
1271
2967
1269
3034
1260
2832
1107
3255
3258
3204
3049
3041
3755
3084
3363
3160
3585
3154
2941
2957
3172
3062
3362
4884
3236
3228
3522
3186
11684
3288
5226
5151
2928
3567
3198
21200
3221
3207
3288
3281
3498
3036
3217
3154
3439
3339
4447
3073
3145
6534
3136
4820
3255
3067
3015
3081
1636
3121
1564
2964
1600
2866
1522
3069
1547
2704
1965
5667
1745
3032
1523
2979
1488
3039
1382
3204
1437
3152
2270
3183
1586
2907
1493
3125
1499
2944
1445
3098
1606
3032
1571
6238
1843
2914
1612
2823
1517
2855
1560
4182
2265
4885
1858
3036
1489
3128
1560
3238
1502
3309
1659
3066
1576
3234
1445
3176
1498
3223
1538
3020
1507
3376
5859
2934
1623
2997
1459
2881
1560
4103
2184
4531
1405
3332
1634
2796
1525
2946
1774
3305
1455
2830
1664
3812
1695
2948
1463
2844
1549
3012
1468
2827
2821
3072
2831
2861
2572
3889
3727
2825
2872
2753
2945
2721
2614
3026
3187
8167
4592
2877
3368
2624
3156
2723
2778
5180
2489
2881
2597
2871
2851
3067
2572
3853
4577
2683
3006
3040
7677
2766
2898
2872
2931
2939
5750
2685
3590
2781
2617
3174
1161
3144
1183
2917
4695
2901
1165
3000
1175
3714
1179
3051
1232
2938
1184
2875
1222
3187
1102
4837
4609
3209
1286
3092
1183
3002
1017
5148
1289
3124
1246
2942
1153
2776
1146
3094
1108
2963
1137
3079
1278
3149
4209
3013
1261
2843
1173
3044
1099
5921
1241
3023
1376
4230
1521
672418
1360
3091
1185
2973
1183
3203
1111
3160
1146
2984
1239
2992
1150
3365
1441
3254
1133
2722
1190
3854
1225
3089
1215
2809
1171
3174
1189
2968
1136
3091
1090
4091
1172
3080
1299
3026
1385
2907
1318
3146
2930
3257
3599
3274
3064
3155
3048
3087
3083
3368
3173
3097
3169
3102
3059
3236
3079
4100
3025
3374
3142
3419
3122
3204
3037
3322
3180
5880
3329
3502
3752
3106
22619
3120
3646
3323
3305
3181
3042
3256
3340
2947
6081
3218
3295
14108
3114
7888
2316
2958
1663
2974
8388
4330
1614
3107
1510
2878
1395
3279
1490
3051
1452
3032
1404
3006
1642
3062
1606
2837
1581
3163
1421
2930
1479
2989
1498
3099
5081
2827
1637
2781
1563
3091
1723
2869
1437
3149
1498
2942
4554
3351
1576
3068
1587
2877
1544
3635
1721
6953
2096
2881
1536
2948
1517
3006
1494
3070
1555
3209
1482
9577
1829
2995
1850
3059
1552
2968
1551
3066
1341
3078
1396
2766
5526
3075
1725
3299
1603
4486
1624
2997
6583
3026
1629
2973
1566
2711
1461
2945
1494
3183
1681
2981
2952
2828
2528
2784
2916
3047
2673
2659
2486
2734
2779
2765
2875
2463
5701
2891
2749
2667
3124
2615
2905
3507
6692
2927
1151
3100
1104
3061
1035
3300
1213
3390
1113
3275
11107
2939
1092
2774
1236
2928
1189
2888
1082
2916
4282
3089
1160
6954
1328
2825
1224
71932
1238
3110
1180
3060
1144
3957
1195
2817
1162
3086
1217
4558
1215
2719
1094
13876
1712
3095
1118
4845
9615
3422
3319
3172
3701
3145
3212
3406
3509
3098
3404
3416
3203
3338
4665
3475
3108
3410
3408
3382
3367
3460
4513
3218
1629
2941
1739
3129
1743
3440
1606
3016
1823
3194
1692
5983
1757
3100
1808
2970
1739
3268
1866
3135
1686
2953
11356
3692
2028
2928
1652
2894
1735
2965
5537
2983
1545
3133
1608
2804
1596
3028
2212
5929
1670
3100
1669
2881
1713
3124
1702
2789
2716
2733
2716
2976
2982
2703
2602
3275
2450
16314
2528
2701
2706
2878
2707
2703
2581
2652
2711
2681
2641
5022
2667
2987
1212
2960
1116
2972
1077
2987
1110
4943
1164
3010
1179
3073
1161
3030
1044
3686
1696
2948
1123
2890
1051
3103
1085
2730
1124
2965
1093
3056
1233
5634
1287
3037
1030
2780
1092
2865
1092
2705
1149
3706
1185
2767
1194
3061
1038
2899
1057
3833
3006
3234
3286
3114
3106
3096
3087
3353
3327
2922
3154
2966
3047
3131
3100
4936
2971
3341
3030
3222
3141
3233
3446
4008
2076
3132
1520
69795
1596
3268
1477
2766
1986
5625
1555
3098
1778
2970
1427
2837
1429
2994
1475
2852
6275
2728
1557
2736
1470
2923
5562
2751
1463
2899
1558
3189
1683
4411
1552
2828
1439
2783
1605
3104
1473
2847
1489
2779
2932
3825
1558
2938
2828
3458
2802
2935
5667
2998
2831
2602
2939
2619
2715
2694
2848
2834
2811
3096
2621
3028
2424
3088
2903
3052
2688
21641
1183
2947
1275
3038
1184
2948
1202
3250
1200
3012
1145
3002
5042
2722
1226
2979
1249
3098
1127
2970
1161
3102
1110
2861
1140
2963
1194
2950
3027
2982
1243
3192
1188
3127
12487
3280
1195
3146
1157
3118
4557
2842
1234
4739
1317
2855
1143
4804
3265
3557
3524
4263
3447
3192
3405
3412
3335
3441
3420
3451
4771
3557
3408
3691
4417
4848
3563
15905
3402
3515
3544
3078
1730
3132
1646
3851
1797
3165
1578
2914
5195
2972
1718
2980
1508
3124
1679
3184
1588
3137
1602
2996
2213
2933
1730
2986
1683
3030
1694
2843
1711
3008
1643
3092
1602
2828
1786
3134
1782
2945
1645
5029
2095
2939
1896
2999
1718
2939
1606
2689
5123
4315
2678
2651
2897
3408
6765
2981
3263
2798
2779
2764
2991
3029
3266
3017
2826
2892
2922
2813
3018
2799
3027
3073
1257
3265
1186
3122
1165
4490
1194
3201
1326
3056
1181
2836
4552
3007
1208
3038
1158
2891
1167
2917
1197
4521
1248
2918
1224
3232
1175
5498
1326
21036
1192
3393
1123
2860
1271
2928
3723
2962
1207
3227
18856
3233
1109
3078
1150
3045
1197
3435
4007
3276
3495
5072
3516
3520
4036
3357
3496
3542
3407
3472
3454
3501
3394
3455
3342
3697
19308
5028
3642
3772
3433
3204
1868
2998
1830
3128
1727
4423
1701
2957
1576
3113
6994
4222
2443
3047
1659
3071
11580
3256
1778
3091
1501
2864
1947
3075
1818
3001
1699
3102
1616
3139
4902
3309
1898
3400
1737
5162
1655
2844
1617
3077
1577
4358
1758
2930
1618
3060
1577
2914
3136
4248
2906
2861
3129
4070
2774
3058
2842
2939
2662
2816
4197
2936
2849
2731
3005
3557
2851
2988
3055
2924
2707
3015
5049
2978
1233
3053
1320
2894
1180
4563
1137
3178
1154
5385
1434
2974
1162
3092
1184
3089
1190
3041
1161
2846
1478
2998
1213
3063
1224
2968
1084
2817
1055
4173
1276
2948
1278
3224
1098
2971
5794
4423
1151
3097
1251
3066
4638
13940
1197
3254
3216
3190
3561
3337
3542
4994
4774
6608
5524
6727
4409
10026
3899
3433
3249
3226
3732
3366
3284
3977
3100
3145
3388
9621
2220
3014
1776
12825
1610
3007
1527
3013
1768
3370
1765
2965
1848
2963
1758
3177
1703
3093
1614
3071
1643
3195
1636
5562
1975
2940
1813
5184
1919
4558
1971
3229
1841
2997
1766
3874
1849
2823
1825
3747
2206
2934
1781
3383
1678
2861
1667
2894
2747
2788
2868
2767
3514
3020
3000
7908
4305
2881
2574
2851
2983
3135
4927
2953
2931
3071
2998
3080
2985
4867
2814
6466
1247
3215
1223
2785
1148
2963
1209
3209
1275
3023
1249
3962
1152
3059
1294
2946
1260
3261
1176
3125
1187
2979
1147
7708
1275
3201
1272
3240
1164
3140
1234
2999
1316
3052
1093
2946
1203
3136
1224
3068
1118
3040
1225
2846
1130
3014
1178
3344
3447
3333
3084
3342
3256
3601
3319
7393
3428
3286
3407
3338
14671
3692
3856
3529
4510
3165
3087
3333
3491
3394
5639
3150
1764
2940
1624
3247
1728
3015
1633
3945
5466
2970
1720
2906
1869
3735
1708
2809
1692
3355
1522
6949
2259
2910
1641
2965
1658
3355
1692
3116
1790
3209
1649
2884
1709
3193
1825
3260
1647
3152
1626
5593
2036
2942
1953
3234
1767
13633
1643
2881
2955
2918
5172
2786
4126
4307
3848
2918
2881
2937
3148
2855
5381
2662
3624
3007
2615
4696
3546
2828
3063
12088
2747
3202
1202
2965
1364
4442
1610
3030
1183
4784
1312
3115
1233
2993
1202
3877
1279
3298
1071
3202
1219
2915
5383
3028
1171
2969
1199
3045
1085
3032
1061
2989
1212
5981
1259
3242
1241
2846
1133
2885
1241
3064
1167
3047
1286
2841
1203
3263
1174
3580
3478
9435
3658
3521
3283
3491
3666
3515
3374
3603
3493
3385
3684
3159
3386
3533
3322
3234
3163
3190
3387
3520
3459
2840
6289
4293
1719
3072
1719
3484
1664
2914
1673
3115
1987
3144
1633
3105
1844
3504
1693
2975
1666
2824
1907
3228
1836
3229
1623
3343
1681
3026
1632
3101
1679
4071
1855
3094
1709
3192
1695
3141
1670
2816
1686
3362
1699
3588
1929
3206
1760
4147
3411
3112
4130
2831
3108
2794
2790
2720
2727
2910
2736
3394
2974
2782
3774
3111
55711
3238
3062
2657
2864
2857
2990
3787
1158
6467
1208
3190
1176
3288
1142
3625
1080
3138
1127
3138
1138
2991
1113
3210
1155
3183
1188
4937
1256
4037
1287
3101
1088
2935
1143
3088
1160
2972
1150
3309
1020
2962
1330
3024
1231
2977
1115
3578
1151
2886
1221
2865
1158
2794
1168
3654
3385
3263
3497
3385
3571
4722
3701
3133
3457
6155
3531
3135
3408
3143
3417
3096
3836
3510
3543
4729
3358
3260
3444
3135
1662
3746
1794
2986
1697
4443
2025
2993
1838
3233
1680
2887
1603
4424
2003
3257
1643
2755
1760
3221
1778
5009
1891
3074
1741
3343
1717
3035
2010
3592
1879
3112
1766
2878
1678
3253
1960
3400
1707
2843
2093
2994
1639
2883
1709
3121
1657
2942
2890
5931
2676
4431
13968
2886
3991
5978
2723
2694
2855
3023
3282
2623
2879
3065
2589
2994
3028
3367
7051
2556
3144
2918
1245
3047
1246
3033
1155
3323
1234
3285
1142
3080
1105
3065
1222
4549
1224
4041
1719
4094
1160
25872
1227
6924
1123
2946
1194
3172
1283
2926
1232
3079
1178
2812
1136
2933
1116
3469
1022
5613
1249
3444
1157
3022
1339
3218
1310
2973
1102
5268
3369
3687
4949
3917
3406
3539
3409
3439
3195
3520
3503
3357
3195
5662
3428
5504
3463
4990
3398
3679
3300
3373
3313
2969
1660
3156
1590
4981
1853
3029
1693
3134
1694
2868
1677
2916
1638
3270
1637
4449
1968
3305
1856
3317
1743
4883
1740
2990
1620
3416
1648
3189
1526
2838
1685
3133
1638
3249
1743
2962
1732
2954
1778
3211
1814
4234
1774
2944
1734
3127
1709
4506
3799
2736
2777
2746
2991
2792
3446
2649
2724
2772
2941
3467
14025
3153
3037
3781
4799
3178
2856
4859
2693
2806
2855
3095
1221
3090
1184
4444
1243
2955
1321
3355
1161
3137
1313
4273
1188
2758
1364
3069
1228
3080
1180
4213
1242
3883
1408
4946
1550
2937
1181
3019
1207
2875
1141
4379
5367
2945
1217
2902
1273
3242
1081
3073
1173
3127
1201
3051
1225
5020
1225
3291
3813
3596
3584
6385
3320
3402
3583
3373
8413
3545
3612
3547
5173
3519
3470
3474
3533
3516
3540
3470
14040
3226
3339
3518
1820
2974
1617
3125
1694
15916
1969
2891
1912
16248
1702
2948
1513
3204
1699
3025
1644
2902
1690
2940
1867
11210
2161
3041
1672
6015
1898
3080
1924
2955
1777
4046
1693
2950
1647
3111
1701
3306
1650
3581
6085
3035
7827
3258
1699
2964
33931
12967
2936
3143
2978
3581
2993
4094
3030
2962
2931
3004
4136
2983
2965
3007
4935
2840
3246
2891
3086
3189
4398
2831
3098
3351
1225
3326
1221
3086
1283
5009
1276
2939
1185
3272
1098
3487
1243
3217
1162
3219
1306
3652
1183
3121
4496
3438
1195
3041
1262
3504
1200
3728
1365
3531
1217
3215
1289
4457
1376
3005
1395
4074
1342
3229
1117
3034
1488
3144
1304
2887
1242
5739
5175
3659
3167
5869
3591
3575
3764
3477
3320
3656
3235
3423
3505
3561
3566
4232
4738
3547
3457
3614
3413
3367
3417
3173
1648
4378
1644
3974
1952
3377
1995
3313
1760
3195
11888
3207
1806
3296
2297
3863
2534
3295
1755
13993
1627
3278
1688
3443
1911
5355
7826
3211
1720
3014
1761
3967
1793
3247
2062
3507
1703
3165
2111
3525
7457
3355
1711
2991
1670
7903
2423
2572
2994
6682
2874
2948
2943
2939
2924
3249
3311
3132
3041
2965
3052
2875
2784
3181
5132
50977
3056
2999
3267
3071
7620
3122
1346
7803
1405
3413
1236
3410
1221
3616
1175
5923
1301
3220
1282
3444
1174
3620
1229
3227
1291
2985
1247
3023
1157
3290
1189
3194
1217
3327
4705
3357
1365
4572
1181
3090
1208
3171
1264
4475
1257
4527
1303
3300
1252
3177
1226
3388
1215
3455
3604
3412
3732
3459
3482
3462
3523
3298
3435
3606
3559
3477
3499
3433
3452
3339
3550
3347
5564
3377
3774
3314
3120
3406
1771
3197
1664
3188
5614
4581
1816
3321
1783
3115
1629
3264
1746
3281
1564
3060
1740
4988
1909
4179
1879
3392
1902
2976
1742
3128
1760
3269
1823
3121
1853
3263
1696
5362
2181
3056
1766
3340
1882
3322
1844
3217
1627
4512
1914
3263
1798
3023
3707
3227
2889
3369
3576
2719
2776
2814
2854
3145
5336
3086
3142
3087
3347
5729
3111
2840
3108
3126
3041
2790
3048
3429
1266
3313
1313
4913
1318
14739
1324
3165
1310
3363
1261
3258
1161
3420
1274
5540
1303
3235
1293
3175
1182
3249
1193
3044
1207
3112
18313
3042
1604
3445
1286
22644
1328
3210
1331
3253
1279
3407
1227
3149
1373
3122
1133
3173
1194
7022
1315
3517
3232
3709
3686
4264
3639
3393
3487
3426
4848
3322
3536
3361
3464
15019
3519
5623
3629
3330
13431
3793
3222
3654
3538
3565
1693
4892
2066
3483
1842
3204
1750
3078
1783
3206
1823
5428
1778
3439
5628
3328
1923
3345
1635
3017
1665
3328
1679
2889
1693
3093
2366
4721
1858
3164
2096
3312
1786
3105
1685
6065
1667
3013
1810
3376
1604
3040
1615
3090
1792
3322
1699
3284
3158
3169
3632
2768
3085
2952
3138
2966
2950
2949
3359
2798
2965
3091
4432
7649
2841
3080
2874
4255
2880
2962
3110
3202
1138
3338
1231
3275
1259
3030
1217
3340
1108
3222
1193
3237
1242
3293
1263
3164
1211
3326
1332
2994
1259
3032
1053
5065
1404
4720
1210
3701
1206
3012
1857
3275
1316
3547
1304
3255
1375
4157
1213
16411
1480
3132
1441
3823
1201
3120
1205
3440
7333
3203
3395
7156
3605
3514
3434
3416
3513
3586
3332
3401
3591
3720
3534
5275
3695
3593
5411
3606
3485
3361
5109
3294
1761
2993
1668
3240
1673
3222
1588
2961
1611
3237
1528
3134
6014
3135
1732
3380
1647
3154
1645
3486
1649
5638
2652
4244
1849
3186
1679
3486
1671
3177
5509
3289
1734
3112
1610
3512
1884
4872
2188
3126
1777
3434
1806
14361
2403
3263
1832
2994
3060
2975
3051
2993
3036
2890
3097
14017
4544
3116
3260
3645
3196
7129
2728
2918
2915
2960
5536
3162
3043
2850
3865
3198
1238
3062
1180
3197
1003
6168
1224
3029
1181
5038
1245
19690
1382
3316
1246
3527
1275
2921
1238
3526
1251
3177
4011
3208
1309
5811
1370
3209
1308
3240
1186
3497
1408
3165
1216
3693
1244
3166
1317
3328
1232
3248
1243
3049
1347
3419
1335
3609
3555
3605
3336
3400
3411
5475
3335
3513
3835
3383
3340
3515
5176
3774
3299
3450
5423
3459
3399
3448
3561
3378
3382
3376
1756
3172
2137
3073
1735
5082
1842
3160
5281
3186
1767
3237
1758
3185
1791
3158
1683
5706
2151
3103
1855
2937
1722
4458
1666
3234
1815
3219
1720
3163
4686
3154
1752
3074
1739
3220
2153
3362
2044
9185
2330
8414
2414
4856
2316
3128
1703
3955
3811
2880
3116
3101
2660
3131
3079
5045
2812
3105
3014
3098
2981
5780
3209
3042
3083
2977
2959
5480
2801
3431
3127
3401
1308
4958
1402
3441
1235
3161
1164
3727
1315
3247
1345
3172
1213
3313
1262
3215
1493
3148
1304
2973
1261
3029
1151
3415
4548
3081
1264
2949
1400
3387
1293
3294
1231
3148
1234
5691
1307
3174
1223
3978
1317
3053
1207
3457
1280
3162
1324
3507
3544
3624
3426
3532
4150
3444
3865
3643
3175
3552
3539
3482
3437
3620
3473
3646
5239
3949
8455
3243
3261
3705
3451
3117
15327
3187
1775
3217
1863
3180
1713
3911
1974
3117
1874
3729
1903
15662
1760
3350
1742
3022
1819
2995
1616
3162
1628
3284
1664
9800
2474
4293
2645
3517
1828
51246
4695
5569
2133
3368
1723
23226
1773
3177
1696
4778
1750
3066
1666
3032
5381
2989
3266
3051
4489
6655
3198
3057
3095
3331
3128
2853
3098
3344
3057
5892
3036
2811
3283
3162
3200
3033
3103
3189
3098
3171
1182
3369
1364
3131
1329
3162
1308
3140
1185
3161
3991
3922
1410
3190
1177
3161
1300
3390
1230
3054
1327
13209
1164
3074
1332
3467
1209
3250
1327
3246
1234
3150
1174
3524
1226
5072
1259
3219
1293
3428
1229
3074
1250
5163
5146
12985
1297
3603
3647
3524
3243
3326
3525
3552
3427
6523
5551
3407
3228
3872
12990
3390
3540
3362
3246
3592
3401
3491
3401
3417
3524
3252
1994
3234
1977
5548
3558
3328
1693
3277
1633
3363
1711
3239
1887
3313
1832
3228
1799
5599
1889
3045
1782
3225
1709
3282
1705
3226
1772
2985
1936
3231
1757
5007
2046
2991
1951
3240
1760
3057
1838
3241
1780
4179
1769
3128
1705
3548
1762
3149
3082
2944
3065
2786
2966
3182
3013
3079
5405
3058
2907
3115
7162
3098
3229
3273
3102
4297
2953
2975
2928
3841
2899
3141
1333
3402
1230
4693
1458
3102
1312
3275
1308
3326
1199
3456
1207
3378
1204
3853
1320
3147
1291
3301
1085
3282
1268
3185
1236
4801
1131
3076
1962
3968
1402
3240
1251
4303
1481
3017
1240
3450
1112
3231
1233
6041
8092
3011
1240
3901
1347
3816
3435
3264
3449
3460
16162
4519
3596
3723
3611
3583
3415
3419
3385
3728
3513
3637
8002
3829
3380
3543
4901
3460
3999
3169
1849
3325
1727
3196
1637
11243
2407
3092
2160
3116
1647
3157
11340
3266
1599
4006
1881
3266
1731
3061
1740
13086
1754
3166
1668
3129
1863
3132
1835
3252
1694
3193
1769
3300
1794
3325
1677
13768
1937
3607
1784
3062
1725
3154
1763
3284
1782
5520
8159
30358
5900
7093
30797
6746
17805
29769
5758
7213
30587
7700
7026
29961
5317
18309
34139
5929
6926
30544
5720
31072
43956
643310
6983
32732
9001
17736
37477
5938
6823
30073
5703
7180
30038
5085
7163
11286
5099
9531
9896
7298
9915
67785
5093
7269
7145
5175
9306
9492
5144
11162
48009
5140
7365
7191
5324
9354
9381
5401
9647
47739
5324
7290
7298
4983
9340
9178
4976
22111
47324
4853
7546
7275
5453
9358
9411
5019
9254
47702
5264
7522
7488
4906
9464
9338
5093
9645
48501
5050
7582
7291
4980
10423
8995
4760
9053
47584
5019
7725
7589
5166
31450
9220
5260
19805
47318
8644
7794
7298
5069
9799
9684
5510
9830
48930
4960
7320
7338
5479
9557
9503
8929
9884
47511
5406
7274
7302
5104
21807
9434
5196
9519
47832
5212
7535
7456
5247
10575
9607
9171
10048
47199
2506
2653
2652
2456
4054
2629
2639
3331
3209
2813
2619
2633
2857
3811
5008
2651
2765
4438
2489
2443
2575
2552
2675
2841
5903
1438
2762
1195
81765
1208
2875
1110
2765
1080
3097
1054
2886
4911
4031
1254
4039
1167
2981
1102
3434
1093
2832
1150
5292
1197
2873
1127
2605
1120
3666
1329
2780
4700
2909
1250
2779
1186
4475
1244
2840
1054
3139
1046
3092
1119
2801
1111
6460
2904
2860
3014
3188
4956
3068
3148
3038
3025
2876
3992
3256
3368
3343
3230
3155
3493
3025
2902
3461
3362
5112
3070
2951
1668
4418
1632
5813
1912
2852
1715
4657
1650
2947
1745
2832
1524
2751
1522
2974
1744
2688
1676
3782
5917
3729
1702
2804
1654
2759
1573
2660
1612
3486
1560
4760
1523
2818
1691
2824
1592
4888
1762
2924
1618
3102
1598
2874
1605
2708
1532
2525
2690
2702
2759
2463
5248
2524
2932
3074
2672
2683
2348
3170
2495
2381
3543
2455
2788
2688
2669
2496
2650
2585
2691
3067
1103
2775
1019
2927
1085
5357
1183
2799
1194
2769
1104
2927
1147
2963
1092
2744
1068
4773
1189
2939
1130
2939
1129
3230
1213
2920
1133
2795
1108
2962
1129
3628
1225
2893
1152
3137
1108
2630
1022
2855
1065
2556
1128
2882
1233
3046
4935
3446
3313
4514
5765
3420
3282
3110
2989
3449
3145
2914
6449
3066
3261
3172
3168
3033
3243
3176
4425
3173
3269
3735
3391
2795
1795
2952
1593
2789
1652
3008
1634
2907
1537
3219
2151
2687
1638
2878
1509
2749
1562
2924
1591
2881
1569
3374
1771
11793
1661
2881
1534
2568
1685
2804
1499
2813
1563
2716
2283
2829
1663
4647
1889
5303
1933
2849
1770
2743
1679
2887
1559
2828
2585
2453
2755
6041
2648
6523
3070
2743
2636
2459
3355
2594
4121
2666
2716
2540
5247
2760
2686
20876
2751
3520
2765
4633
1773
2768
1144
3476
1163
2847
1105
2756
1090
2976
1099
3057
1076
3274
1158
2752
1364
2759
1099
2661
1043
2794
1102
3986
1144
2831
1088
6954
1133
4875
1318
2609
1236
2800
1186
3908
1184
3016
1191
2722
1237
2954
1198
2855
1179
12612
1243
3377
2767
3124
3099
5223
2840
2929
3194
3246
3031
14827
3228
3621
3319
3250
4973
3149
2954
3123
3323
3529
17389
3053
3205
4603
3571
2792
1683
2960
1592
4567
1968
2928
1522
2758
1547
2773
1645
3158
1592
2959
1657
2981
1650
3239
1564
2750
1805
4721
1690
2763
1652
2647
1709
5454
1652
3389
1935
5194
1683
2891
2206
2925
1655
2888
1686
3772
1852
2771
1737
2674
11594
2803
2690
2366
2760
4107
2546
2796
2587
2534
2628
20180
2619
2967
2921
2674
4426
2614
2901
2763
2634
2788
5260
2660
2790
5416
1218
2678
1205
4363
1164
19382
1140
2686
1087
2838
1165
2739
1137
2836
1204
3853
1308
3050
1027
3127
1047
5087
1185
2779
1156
2805
1206
2764
1193
3112
1134
3068
1122
2801
1209
3006
1148
2872
4644
2915
1175
2731
1107
2895
1124
2879
1238
2976
3296
3233
5035
3163
3247
2836
3100
3607
3909
3003
2848
3675
3202
3123
3370
5226
2913
3157
3236
3302
2927
3145
3146
2927
1565
3194
1580
2900
1543
2694
1720
2753
1578
3638
5994
3624
1740
2734
1553
4632
1612
2594
1625
3072
1500
3838
1613
2922
1534
4115
1668
2838
5681
2789
1513
3097
1554
2978
1498
2753
1742
2754
1594
21746
1641
2890
1673
2707
1597
2831
1582
2921
3437
2607
2557
2718
2750
2557
5154
2840
2845
3739
2876
2733
2987
2546
2643
2746
2602
2575
2918
2748
3092
2742
2602
2852
1136
2895
1005
2815
1080
4459
1162
3126
1200
2928
1044
2979
1180
3174
1056
4948
1353
3371
1169
2781
1165
2881
1135
3160
1114
3142
1103
2904
1166
4340
1135
3258
1145
2855
4508
3010
1125
2930
1131
3140
1071
2869
1001
3546
1440
3513
1350
2989
6171
2652
2655
2938
2590
2976
3652
2747
2748
3219
2514
2817
2757
2846
2719
5337
3013
12741
2622
2865
2755
2591
2616
3085
1190
2776
1366
3865
1257
2786
1163
2903
1110
2811
1084
2805
1198
3328
1173
3020
1168
2916
1063
3175
1081
6209
1498
2950
1154
3319
20181
2797
1068
2878
1040
2849
4889
2891
1257
9807
1251
3007
1129
2973
1166
2988
1059
3042
1188
3019
1074
4939
2785
2872
2612
3667
2545
3016
2753
2732
2673
4295
2612
2793
2994
2684
2803
2830
2668
2816
2951
4994
2805
2636
2643
2847
1304
2954
1258
3168
1156
2707
1244
2963
1074
3626
1101
3254
1176
3197
1000
3024
1171
2813
939
3847
1095
2934
1210
2912
995
2924
1125
2778
1039
3143
1118
2700
1185
3010
1142
2980
1210
3471
1202
3179
1160
3235
1199
3076
1201
3007
1688
2986
12987
2825
3090
2774
3407
3383
2589
2669
2608
2809
2828
2815
4330
2745
2811
2616
3226
2796
2742
2583
2775
2762
3024
2942
1062
2833
1179
2702
1176
2823
996
3061
1012
2826
1023
3058
1011
3058
1104
4476
1342
3110
1144
3258
1276
3257
1046
2911
1216
3004
1104
3071
1111
2826
1172
4235
11257
2969
1307
2846
1182
2913
6061
2961
1181
2888
1063
2731
1173
2855
1113
5632
3433
3336
3516
5113
3045
4202
3265
8325
3333
3194
3243
3575
3435
3116
4794
3439
4181
3874
3053
3338
3382
3158
3253
3727
1645
10250
3736
7235
1618
2958
1655
2953
1415
2816
1460
3113
1423
2981
1602
3402
4148
2823
1630
3225
1488
3146
1455
2862
1914
3214
1533
4870
1947
3007
1616
3149
1460
2901
1668
3180
1698
3180
1561
2889
1548
2937
1568
3134
1751
3192
1553
3730
3257
4415
3516
3326
3080
3341
13553
3716
6218
5184
3260
3330
3108
3085
3245
4576
3342
3359
3352
3278
3032
3261
7941
4162
1739
3118
1605
3053
1464
3670
1760
5173
1648
3199
1852
3031
1597
2993
1666
2864
1626
2877
1559
2823
1505
3105
1470
5197
1753
3178
1522
3107
1558
3101
1627
2849
1581
3076
1540
4887
1813
2977
1741
3338
1779
3238
1566
3036
1559
5333
2083
3521
3391
4230
3277
4574
3459
3500
3258
3335
6280
3108
3193
3589
3493
3271
3364
3514
3497
3266
3231
7858
6268
3709
3411
4044
1685
3108
1700
3074
1561
4385
2174
2794
2245
2843
1870
3068
1637
2984
1550
2988
1862
2970
1553
2929
5841
3896
1813
2898
1755
3015
1626
3253
1643
2956
1516
3107
1676
3004
1378
2906
1529
2821
5564
3205
1742
45113
1600
3144
1638
3281
1464
4227
3206
3288
19800
3121
4155
4349
6012
3109
3101
3252
3253
5028
3397
3145
4888
3466
3262
3263
3385
3237
3426
5674
3245
3690
1644
4540
1921
3038
1825
3577
1659
3151
1654
2828
1454
14442
1594
3063
1413
3194
2177
3089
1649
3229
1515
3703
1757
3683
1772
2761
1669
2844
7181
4791
2252
4681
1698
2925
1426
2986
1571
3079
1479
2841
1607
3010
1468
2894
8462
3681
1661
2987
3051
3036
2678
3080
2957
2847
2812
2716
16630
2796
4324
2809
2888
2493
2856
3043
2760
2952
2767
3793
2614
2934
2714
3138
1110
6275
4534
3043
1179
2849
1110
2779
1187
3104
1125
3523
1469
4708
1213
2976
1173
3770
1163
2764
1122
2884
1082
3033
1123
3001
1301
3169
1199
2967
1184
2746
1097
3130
5223
2809
1157
3183
1117
3135
1099
2974
1118
2881
1183
3258
1161
3290
2750
2598
2974
4511
2919
3014
2829
2967
6490
2752
2674
2733
2660
2777
3044
2664
2844
4849
3841
2629
2837
3112
2595
3108
1188
2850
1173
2805
1039
2844
1086
2993
1202
2779
1029
3002
1175
2863
1158
5350
1221
2927
1184
3091
1155
3198
1100
3073
1071
2767
1087
4803
1149
2857
1213
3386
1173
3013
1172
2887
1093
3274
1046
2945
5229
2820
1224
3945
1048
3374
5063
2897
2831
2879
2740
4549
2817
2876
2707
2710
2647
4265
2658
2771
2743
2634
2771
2851
15393
2649
2841
2955
2594
2610
2896
2725
1059
2876
1220
2863
1129
2852
1134
3164
1027
2970
1127
4034
1086
2986
1089
4507
1165
4847
1524
2889
1119
2858
1052
4183
1374
2848
1165
2851
1168
3289
1202
2895
1075
3221
1193
3714
1182
2933
1183
3004
1063
2922
1088
3025
1097
3910
1276
2823
2734
2823
2719
2543
3055
3026
2845
2567
2823
2803
2630
2668
3467
2819
2690
3187
2446
4027
2813
2485
3044
2718
2539
3094
1180
3055
1157
3165
1119
3314
1322
3422
10983
2922
1168
3054
1048
2945
1057
3023
1130
3110
1178
2757
1184
3325
1112
2905
1104
2890
1052
2816
1065
7005
1230
3217
1135
3547
1147
3336
1183
3119
1042
2986
1075
2883
1132
2773
1392
3778
1186
3318
3452
3630
3423
3423
3055
3055
5263
3372
3171
5521
3548
3288
3195
3133
3135
3040
5206
3233
3816
3320
3084
5755
3224
3067
1756
3269
1605
2909
1553
2985
5726
3581
1654
3048
1626
3039
1544
2931
1492
3583
1592
4164
1723
4358
1513
5190
1806
2819
1655
2891
1594
2930
1438
2882
1646
2730
1565
3796
1749
2878
1710
2935
1616
3070
1575
3822
1665
3043
1632
3804
2213
56423
3476
3745
3089
3205
4282
3526
3309
4800
3757
5386
3213
3376
47082
3539
4144
3235
3342
3426
3586
3367
3195
3124
3615
3100
1593
3125
1610
2911
5765
3027
1700
2956
1612
2881
1557
2776
1644
3174
1665
3025
1653
3180
1501
3290
1564
2948
1507
2800
4867
2820
1677
2779
1560
2926
1703
2880
1711
3191
1625
5042
1714
2969
1553
3128
1505
2934
1601
2910
1540
3012
1574
3438
3024
7161
3402
3387
3443
25282
3092
3125
3382
4298
3154
3347
13140
3051
3137
6023
3374
3286
3291
3333
4901
3134
3976
2868
1723
3031
1599
5176
1368
3008
1459
3171
1567
4687
2000
4092
1590
5962
1752
3015
1591
3102
1542
2858
1612
3017
1800
3149
1544
3843
1640
2839
1722
3152
1589
3018
1436
4097
1651
2784
8849
3083
1740
3155
1692
5594
2324
2710
1617
3780
1742
3496
3291
3191
3334
3372
3545
3281
3209
3119
3132
3527
3301
3424
3283
3866
3277
3363
6596
3216
3182
3387
3643371
3136
3056
2961
1616
4270
2166
2765
1840
2880
1569
5828
2394
2928
1680
2961
1482
2952
1674
3043
1606
3040
1478
2914
1727
2924
5002
3858
14543
3086
1623
4970
1719
3048
1884
2981
1772
3043
1552
2920
1525
3088
1529
4648
1900
2859
1625
3175
1705
3024
1652
16077
5169
3102
2792
2709
2977
2694
2682
3390
2735
2831
2833
3116
2649
3087
2874
2734
2857
3688
5712
2844
2543
2773
2779
4264
1161
3024
1137
3757
2290
5954
1230
3178
1239
3143
1183
3007
1259
2915
1098
2813
1109
2664
1421
2741
1250
2802
1094
5804
1170
2957
1157
3050
1104
2992
1202
3152
1129
3019
1104
2822
1164
4489
1305
2814
1208
2904
1108
2976
1130
2992
1124
4720
2749
2971
2756
3485
2405
2673
2814
3042
2295
3320
2648
2860
2750
2803
3025
5060
2896
2592
2761
3594
2885
2903
2765
2990
1140
2859
1187
2890
1257
2883
1088
3286
1137
3054
1092
2905
1086
2807
1123
2907
1255
3059
1137
2980
1071
3245
999
3544
1111
2840
5399
2879
1336
2971
1117
2942
1128
2995
1248
2912
1152
7212
1225
2931
1176
2957
1231
2775
1283
2900
1140
2854
2744
2900
4395
2475
2751
4119
2875
2724
2724
6691
3486
2674
5509
2975
2702
3958
2763
2627
3121
4853
2584
2791
2768
4859
1200
2993
1236
2879
1037
2960
1130
3170
1059
3076
1059
5398
1305
2835
1147
3106
1147
2936
4664
2841
1144
2797
1163
2810
1157
3087
1175
3094
1036
5134
1093
2838
1102
2688
1560
2909
1720
3659
1206
3148
1177
5258
1254
2811
1133
2851
1157
2681
2828
3368
2505
2903
2506
2801
2785
2615
2573
2585
2551
5170
4093
19958
2672
2899
2661
2786
2611
2782
2850
2728
2893
2810
1353
5145
1189
2947
1211
3082
1193
3078
1143
2686
1292
2909
1202
2806
1082
4675
1110
2864
1099
2988
1097
2910
3180
2896
1302
2766
1149
2952
1039
2934
1126
4379
1618
3316
5417
3176
1196
3155
1094
3046
1168
4983
1051
2775
1090
3053
1063
4356
3234
3228
3222
3336
3310
5853
3178
3072
7962
3403
3473
3257
3400
3669
3335
6483
3227
3501
3278
3273
3100
3178
3140
3002
1669
125181
2140
2816
1616
2989
1445
2959
1538
3131
1572
2953
1512
7161
1697
3080
1502
2799
1599
2818
1500
4532
1632
2947
1595
3134
1480
3030
1556
2792
1613
3063
1510
4660
1793
2929
11210
2922
1583
3189
1498
2952
1549
2873
1441
2790
1754
3396
3262
3002
5620
3220
3258
3143
3384
3182
6127
3297
3184
3299
3065
3341
3392
3654
5943
3305
3185
6106
3352
3264
3187
2908
1486
3645
1723
3009
1602
2903
1635
2994
1457
2962
1580
2905
1578
2905
1686
3096
1657
2985
1461
2850
1482
2901
1480
2964
6160
2965
1671
3177
1587
2906
1572
2998
1504
2978
1633
2831
1682
3030
1936
2958
1502
3078
1747
3019
5660
2992
1557
4184
3215
3329
4959
3347
4290
3496
3475
3309
3439
3313
3357
3445
3294
3179
6154
3408
28953
3325
3425
3259
3370
3005
3081
2975
1619
2871
1578
3007
1556
2809
1624
3490
2063
4955
1702
2883
1687
3274
1655
3139
1629
3017
1472
2974
1583
3140
1520
2816
1725
2922
1588
2868
1540
3047
1585
5581
1871
2923
1773
3072
1556
2774
1526
2782
1535
2767
1680
4002
1779
4636
1689
4319
3359
3167
3524
5108
3438
3437
3389
3220
3243
3140
3296
3326
3141
5737
3712
3101
3140
3601
12531
3449
7772
3273
3224
2925
1703
2896
1644
3300
1523
3128
1616
2971
1560
3208
1479
3920
1963
3232
1756
2755
1523
3056
1510
3011
1533
12720
1483
2931
2886
3226
1714
2964
1715
3133
1623
3075
1651
5217
2083
2963
1598
3064
1614
3076
1580
2831
1527
2975
1561
14725
1774
2753
2640
2873
2696
3007
3037
2738
2673
2774
2785
2798
2705
3014
3486
2656
3001
3086
2749
2893
2903
2899
2843
2860
4130
3927
1102
3075
1089
2876
1159
3199
1054
3294
1245
2909
1107
2905
1117
3575
1113
2739
1095
4717
1250
6774
1196
3258
1123
2926
1250
3310
1120
3045
1158
3177
1108
3268
1157
3045
1084
3085
1112
3192
1093
2968
1027
2808
1052
2586
1628
4722
1107
2910
6227
2733
2686
2736
2700
3055
6147
2683
2790
2553
3038
2859
2766
2670
2948
2756
2763
5744
2685
3049
2866
2693
2715
3215
1241
2913
5070
2952
1182
3006
1177
7877
1174
3249
1204
2957
1386
2946
1216
2846
1080
2785
1205
2694
1170
3028
1073
2911
1053
2807
1029
2949
1008
2864
1036
2776
12571
3104
1197
2951
1038
2951
1226
2811
1124
2880
1200
3007
1145
2877
1300
2771
2816
2762
2766
2533
2940
2768
2868
2880
5019
2640
2559
2888
2516
3336
2723
2903
3069
2683
2576
3028
3730
2733
3337
3030
1118
3057
1070
2829
4471
3028
1120
2682
1128
3064
1135
3059
5068
3365
1096
2969
1074
3137
1107
2867
1202
2846
1167
3559
2040
2799
1057
5884
1092
3114
1250
3021
1153
3209
1078
2841
1087
3075
1112
3076
1141
6719
1490
3603
1244
3158
4563
2888
2746
2645
3408
2673
2764
2666
2941
2694
2648
2591
2521
2508
2801
4669
2674
2813
2822
2725
2822
2808
2772
2349
2818
3150
1036
4300298
2853
3132
1189
2767
1066
2858
1094
3026
1039
3974
1013
2853
1182
2936
1083
3221
1088
5409
1288
3092
1209
3285
5250
2885
1158
4480
1202
2915
1083
3239
1071
2994
1097
2881
1040
2952
1147
5885
4730
2806
1159
2902
1105
2844
1093
3497
3291
3166
3336
3081
3198
5037
3300
3401
3370
3437
3420
3274
3087
3387
3206
3278
7191
3396
3419
3405
3409
3136
3084
2861
1680
3080
1593
3028
1468
4093
1645
3808
1473
3115
3617
2971
1692
3109
1441
3164
1479
7649
2490
2970
1527
2705
1468
3158
1719
2964
1536
3175
1499
3198
1638
2804
1795
3213
1482
2933
1508
2977
1559
2569
5449
3070
1578
2911
1487
3151
1608
3210
3112
3190
3239
3131
3670
3401
3313
2898
4070
3257
3438
4527
3216
3392
3312
3265
5055
3128
3133
3318
3099
3443
5684
3557
1770
2871
1566
2897
1530
3209
1573
20983
1919
4644
1564
2996
1591
2864
1465
2850
1489
2899
1791
2902
1523
2884
1528
3016
1440
2812
1681
2913
1460
3347
1593
4586
2186
3083
1570
2793
1476
3052
1413
2932
1966
2819
1722
2831
11164
3007
1534
3405
3191
3452
3471
3527
3389
3362
3323
3423
3425
3338
3286
3502
3376
3304
5853
4922
4533
3346
3372
3489
3459
4695
3360
3094
1649
5261
2042
3045
1617
3060
1845
2993
1585
7878
1574
2900
1513
2959
1519
5448
2390
2928
19200
3009
1470
13697
1606
2728
1689
3016
1763
3377
1808
3070
1552
3042
1662
6139
2053
3063
1765
3161
1461
3010
1591
3051
1553
3020
1744
7740
1517
3394
5126
3009
2985
6051
4239
3348
3101
3044
3207
5754
7658
3190
8447
3421
3164
3488
3127
3403
2947
3262
3249
3112
3037
5759
1622
3359
1700
2942
1588
3046
1396
2884
1646
4113
1740
3018
1651
4518
1712
2941
1713
2877
1542
4942
1971
2956
1643
2901
1659
2966
2051
2901
1674
2871
1637
3160
1490
3256
1679
3888
1714
4676
1717
2840
1496
2867
6076
2886
1688
3059
1556
4954
3209
2866
2953
2983
4104
2868
2682
3038
3007
3377
5194
3139
3588
3263
1179
3067
1115
4596
6352
4282
1252
3126
1180
3008
1033
3070
1140
5763
1309
2987
1230
2972
1150
3003
1750
17341
10741
11385
10801
10780
10852
11254
24340
11382
23360
16360
10622
3392
6676
3015
6570
3503
6561
3046
6866
3301
7029
2866
6775
4113
10108
4655
9189
4203
8992
4176
7454
3039
6732
3193
6705
2997
2924
2967
2859
2910
3023
3159
3142
5985
4547
12685
3014
4551
1200
3209
1185
4537
1134
3095
1229
3045
1076
5784
1477
3192
1198
3179
1122
3344
1158
3289
1073
4160
1380
3463
1244
10904
10320
10005
10329
10442
9948
20299
10459
9706
10482
10411
10626
3346
5811
5933
8088
3096
6020
3337
5930
2926
5893
2993
5684
2925
5592
4636
7645
3173
5989
4675
15588
3469
6227
3587
5990
2778
2883
3535
5097
3086
3128
3046
3135
2933
2905
3852
3159
3154
1227
2988
1152
3061
3443
3172
1290
2968
1134
3102
1262
2994
1155
3481
1204
2890
1271
2901
1201
2930
1234
3089
1119
12044
11468
10833
10848
10945
11510
11495
10778
10636
14389
11184
11053
3015
7176
3469
7109
3012
6865
3178
16665
3199
24749
3490
9232
3232
7149
3279
6859
4612
6918
2956
6584
3088
26409
3231
7278
2932
5143
3092
2929
4592
2847
2802
3128
3025
5602
2951
3071
3220
1150
4666
1210
3014
1178
3199
1064
2984
1118
4180
1077
3246
1074
5767
1297
3284
1224
3305
1378
3357
1306
3209
1199
19205
11672
11519
11068
11355
19061
11040
10946
11169
17490
11247
11187
5007
7499
3160
7552
3297
7086
2859
6994
3192
6981
3368
6764
2989
6981
3087
7089
3101
6484
5217
9467
15848
7624
3063
6722
2711
2932
2937
2900
3083
3018
4314
3032
2850
3751
2814
3132
2977
2869
3470
2930
3299
2988
3029
2482
3835
3093
2926
5231
2781
2965
2748
2814
2706
2782
3796
3115
2829
3115
2847
2817
3291
1302
3370
1205
4795
5473
3055
1181
3348
1162
2954
15723
3089
1115
5739
1356
2959
1245
3436
1145
3158
1313
3129
1110
3124
1237
3053
1225
3337
1031
3068
1248
3210
1143
3166
1165
14102
1095
3931
1267
4554
1208
3214
1202
3101
1153
3447
1278
2977
1093
4611
1192
2848
1187
3136
1101
2839
14175
3053
1247
3250
1325
3089
1237
3041
5471
13598
1248
6494
1287
3110
1217
3409
3452
3769
4367
4174
4291
3379
4931
3307
3321
4665
3208
4696
3179
3435
8292
3376
3551
6386
3840
4633
3506
3687
3285
3428
4939
3489
4269
4856
3449
3406
3653
3554
4132
3374
3270
3133
11635
3396
1706
2896
1623
2808
1710
3332
1623
2955
1611
13362
1710
3158
1680
2977
2093
4401
1876
2984
1603
3173
1599
2994
1633
3204
1593
7557
2337
3122
1598
3214
1587
3282
1595
10552
1605
2743
3014
3148
1723
3087
20873
3334
1573
3086
4912
2889
1619
2849
1798
5236
2628
4430
1753
3101
1631
5088
2024
2985
1754
3057
1684
2978
1501
2996
1583
2990
1735
6658
2615
2876
2949
3054
2777
3929
2787
2883
2878
4989
2955
3085
3038
5219
2891
6066
3038
3127
2937
3861
2748
2884
4212
2884
2960
2899
2798
3188
2727
2753
3097
2799
2817
2966
3162
2961
2725
3232
1184
3244
1237
3338
1214
2810
1130
3099
1245
3053
1151
2962
1258
3304
1140
3015
1095
2917
1793
3310
1347
15313
1192
3398
1196
6671
1252
3169
1210
3124
1107
2938
1195
3233
1109
3128
1151
2716
5578
2901
1225
3061
1172
2886
1126
4262
1242
3122
1219
3100
1098
3260
1048
3251
1144
6239
1214
2885
1127
3457
1166
3231
1300
3599
1236
3029
1103
3022
4727
2829
1227
3524
3496
3425
14201
3242
3676
3372
8536
3261
3536
3308
3405
4885
3337
3550
5476
3574
3189
3325
3608
3613
3435
3469
3274
6111
3121
3174
3584
3666
3354
3213
4013
3687
3622
3393
3121
3067
1775
3229
1576
5087
1794
3177
1704
3069
1857
3009
1895
3365
1646
3165
1653
13334
1610
3162
1583
6482
2716
2977
1670
2915
1566
3197
1631
3047
1676
3344
1742
4344
1728
2993
1781
3145
11383
3225
1590
3309
1558
2942
1525
3709
2078
2897
1628
3188
1709
2848
5889
3248
1781
4600
1888
3084
1716
2949
1642
3253
1601
3206
1934
3891
5334
2973
1720
3264
1788
3167
1701
2948
4590
4633
3529
2898
2639
2763
3176
2912
3007
3059
2501
4761
3077
3229
3015
2985
2840
2982
2984
2941
3170
2908
4503
4703
2822
2853
4960
2913
2853
2896
2842
2707
2752
2835
3420
3062
1157
2960
981
2865
1465
4703
1705
3052
1189
3043
1168
3112
1231
3613
1115
3115
1121
3142
1014
3134
19123
4116
1246
3023
1225
3067
1255
3128
1141
3063
936
3148
1100
3990
1294
2917
1251
3327
1185
7792
1413
4087
1307
3214
1248
3063
1048
2858
5067
2876
1210
3350
1139
3139
1150
3066
6209
2787
1207
14629
1276
3076
1136
3167
1244
3067
1125
3092
1222
4945
1088
3356
3419
3256
4212
3571
5287
3354
4078
4828
3343
3377
3430
3530
3470
4932
3352
3523
3501
3475
3205
4714
3464
3449
3408
3239
3329
3548
3371
3808
4484
5545
3434
3515
13431
3599
3426
3134
1707
3281
1712
3381
1678
2965
2372
3593
1929
3230
1855
3709
1737
3008
1807
3133
1849
5845
1645
2891
1730
2829
1649
2974
1587
5074
5195
2811
1591
3193
1607
3064
1633
2969
1736
3083
3502
3065
1570
3193
1704
2884
1601
3241
1883
2979
1451
5023
11763
3275
1605
3214
1612
3280
1629
3196
1544
3247
1643
3557
1622
2932
1650
2888
1805
3245
1607
3169
12593
3029
1641
4318
6793
2711
3218
2881
2626
2741
2784
2896
2944
3038
2916
3656
3086
2789
3130
3139
3312
3191
3493
4242
2823
2839
2774
2822
3524
3241
2811
2970
2918
2963
2957
4836
3127
2852
3323
2878
1306
4018
1159
3193
1099
3341
1101
3362
1211
2954
1297
3205
1253
3021
1188
4663
1115
2989
1339
3058
1264
3285
1150
3359
1087
3255
4385
7347
1070
3337
1249
3152
1173
3025
1224
5193
1339
3149
1329
3233
1249
2999
5178
4364
1413
3018
1086
4733
4920
3218
1351
3141
1049
3153
1154
3339
1091
3012
1109
5017
1122
2919
1273
3086
1084
9799
1616
2815
1252
3075
1217
3473
3783
3522
3513
4696
3411
3613
3387
3580
3608
4539
3642
3495
3428
3371
3316
3319
4504
3371
4354
3336
3398
3285
3544
3548
4907
4412
3288
3668
3377
3107
5941
3773
3590
3511
5051
3113
1634
3054
1773
2976
1789
3507
1961
3029
1759
3020
1590
2912
1743
3197
1675
4170
1791
3063
1734
3013
1810
3100
1754
3983
1787
3127
4925
4647
1814
3136
1734
3082
1703
2961
2005
2993
1715
3148
1688
3029
1595
4910
1888
3018
1593
2981
1743
13005
1889
3131
1617
3133
1651
5043
1817
2917
1617
3044
1831
2985
1681
2934
1617
3163
1656
4385
1711
4013
1716
3085
1821
3056
2920
2678
2981
2785
4698
3783
2631
2819
2755
3000
2859
2889
4010
2763
4122
2710
2794
3025
3174
2670
7043
3707
2953
2709
2861
2891
3337
3060
2814
2813
2926
3536
2532
2671
3318
2903
4322
5190
1234
2929
1167
2644
4582
2789
1196
4343
1257
2974
1179
3004
1173
3015
1061
2750
1482
3622
1224
4370
1147
3032
1187
2884
1288
2966
1210
2867
1187
3101
1155
3009
1125
3091
1164
3549
6186
2927
1204
3028
1282
2986
1205
3032
1235
5073
3760
2981
1267
2804
1127
4730
1221
2853
1206
2998
1185
2782
1313
3078
1239
3008
1224
3815
1148
2889
1162
2760
1201
12509
7990
8229
7402
9052
8228
8655
11662
9841
9334
8465
8390
15708
8530
10420
8314
20261
9349
8839
9045
11694
8711
10128
8256
8351
9870
8645
8801
8241
7883
13899
8633
8388
8392
7703
8316
2990
3799
3461
3541
3018
3380
2942
3536
2823
3506
2880
3720
4116
4435
2925
3597
2864
3722
2962
3893
3104
3499
2942
3699
4024
4297
2849
3657
2941
3740
3183
3794
3031
3597
3155
3491
2742
3602
3039
3282
3212
3481
2858
3577
2846
3721
2993
3482
3196
3468
2987
3639
3054
3646
2977
3442
3236
3409
2981
3154
4547
3932
3181
3769
4804
6072
2762
3508
3097
3332
2850
18643
3012
2677
2892
2981
12602
8858
2806
2825
2671
2644
2842
3538
3668
2853
2940
2927
2965
2957
2613
2936
2725
2926
2699
4818
4054
3030
4461
2704
7605
2888
2852
2913
6771
2891
4949
2879
3070
1144
2755
3840
3098
1226
3052
1285
3185
1169
3953
1145
2798
1221
2991
1119
4028
1231
2842
1331
2853
1252
2793
1112
2752
5207
3044
1312
2980
1179
3071
1162
3310
1242
4506
1244
3153
1194
2993
1168
3326
1053
2969
1197
2978
1072
2954
1245
3331
1187
2785
1144
2981
1076
3551
11150
3037
1793
3508
1535
2959
1117
2848
1233
3055
1287
2924
1196
2877
1112
3120
1232
7829
6939
7084
7198
7209
7353
7903
8230
7443
7952
6927
17596
6664
14566
7536
7753
7562
7375
7222
9883
7762
5422
7713
7580
18838
12545
7444
8055
24693
7403
8085
7379
11510
8016
7404
7185
3283
3463
3734
3694
6465
6234
3095
3188
2763
3247
3085
2972
3212
3296
2807
3445
3120
3408
3220
3056
3088
2951
3182
3082
2905
2986
2793
5003
2979
3394
3188
3204
16985
4164
2946
3296
2849
3038
3017
3212
2973
3650
3889
3013
4749
9492
2847
3401
3510
3245
2912
3502
3415
3162
3107
3508
3017
3560
2723
8358
2860
3282
2952
9557
3087
3353
2827
3251
2993
3395
2885
3321
3116
2641
4204
2829
2779
4963
2740
2690
3037
2804
6248
2972
3288
4090
2606
3108
2869
2999
6423
2842
5030
2963
2689
2946
4003
4027
4282
2887
2716
3023
3703
2942
3126
5940
2768
4183
21017
1163
3217
1183
3171
1194
2794
5119
3004
1156
3250
1198
3152
1196
5003
1215
2908
1212
2835
1155
3087
1099
2986
1094
2875
1223
3131
3699
2808
1276
3070
1169
4303
1526
7196
1530
2893
1257
3070
1226
2931
1237
3122
1158
3056
1094
2920
1096
15043
1249
3209
1224
3085
1172
2824
1064
2991
1216
2626
1317
2951
1261
2894
1211
3057
1158
2800
1359
2840
1121
2895
1139
7659
7334
7087
7714
7460
11431
7336
7004
10893
7575
18563
7370
7570
11887
7558
7410
9260
19043
7223
7759
7496
9547
7604
8195
7454
7075
15750
6769
11685
7200
17967
7757
7289
7152
8018
6104
2844
3300
3178
3609
2851
3326
2990
3056
3138
3127
3679
3548
2899
3740
3047
3185
2850
3614
2776
3297
3093
3103
3127
3136
2895
3365
3326
2964
4521
3347
4940
10941
3016
3269
3118
19599
2703
3122
4210
3163
3465
4410
2984
3371
2980
3333
2895
3554
3094
3294
3171
3136
2944
3539
3472
4452
3006
16127
2967
3227
3036
5647
2870
3839
3112
3774
3023
3388
2698
3008
3207
3076
4453
2633
2913
2948
2804
2898
2864
3036
2768
4400
2758
2921
3003
2641
3712
2632
3003
2905
2775
2971
3640
4717
2886
2779
2798
2876
2714
2776
2736
2875
2914
3404
3177
2850
2767
2769
3043
1232
3619
1527
2802
1247
3058
1238
2891
1095
2902
1179
3241
1146
2870
1087
2820
1229
3054
1689
23547
1266
2960
1082
3147
1172
4083
1559
2730
1235
22439
1200
5642
1297
3009
1188
3136
1158
2973
1194
3058
1184
2870
1398
3059
1318
4147
1929
3046
1243
2862
1263
2873
1170
2943
1286
3062
1418
2875
1171
2878
1220
3001
1226
3287
1183
3087
1266
3072
1065
10338
1466
13088
8003
8122
7351
7898
7953
7570
7648
7726
15630
7980
11631
7624
8932
7752
8170
7459
12577
14257
19834
12490
7863
7619
7907
7924
7775
11040
7577
7847
7114
7960
7635
7150
20226
7854
7740
3449
3798
2989
3596
3598
4831
3901
3877
2867
3758
3107
3495
3317
3717
3026
3711
3376
5164
3420
4278
2798
3774
4986
5138
3167
3708
2770
3642
2696
8158
2898
3534
2975
3616
3132
3740
2882
3260
2973
3549
3005
3408
3051
5249
3176
3738
3011
3898
3121
3788
2985
3428
5443
4064
2966
3654
3166
3455
2836
3412
3033
5352
2858
3801
2894
3801
2828
3561
3107
4483
4749
6487
3028
3075
2880
4348
2933
2934
2904
3238
2536
2962
5128
3027
2955
3002
2902
2972
2639
2935
3446
3046
2743
3060
2605
2709
3069
2842
2690
2865
3717
3904
2808
3724
2765
2522
3137
2857
3124
1081
3040
1124
4043
2305
4422
1217
2728
1010
3303
1206
3082
1159
3275
1123
3122
1065
4433
1350
3180
1131
3048
1096
4765
1147
3115
1336
2991
1255
3027
1219
7159
1253
4344
1262
2875
1075
3201
1201
3042
1141
2846
1127
3064
1106
3229
6325
2949
1258
3380
1154
2960
1067
3122
20590
3119
1066
4922
1226
3027
1195
3067
1207
2741
1131
3030
1154
3055
1018
2835
1244
3587
3415
5079
4050
3722
7116
3535
3631
3770
15414
3738
3667
6070
3519
6448
3761
3607
3604
3635
3955
3645
3497
5771
4468
3676
3468
3406
3798
3936
3552
3664
4001
3821
3428
4624
3481
3269
1570
3022
2055
4060
2245
3152
2047
2895
1813
3052
1709
3046
1839
2789
1947
5511
2180
3193
1860
3242
2033
3167
1924
3025
1690
2911
1873
2975
5500
2944
2063
3002
1971
2792
1818
2995
1867
3041
1840
5230
2013
3005
1790
3239
1934
2968
1866
3088
2310
2736
1895
2892
1987
3213
1975
3073
1930
3130
2169
3065
6024
3045
2052
3177
1835
5574
2034
3069
1898
3164
2068
2872
2929
4133
13876
3021
2923
2832
2939
3088
4277
2756
3763
3136
2862
2956
3821
3049
3009
2836
3030
2888
2709
3617
3047
2890
2815
3134
5638
2951
2907
2836
2972
3027
2846
3803
2930
3292
1064
2994
1142
4077
1340
3370
1244
3054
1139
3136
1203
5396
4624
3459
1207
2877
1054
3701
1230
5908
1738
3014
1146
4314
1289
4531
1275
3125
1072
3669
1196
3148
1252
3191
1241
3324
1274
3309
1173
3224
1117
2882
3496
3007
1225
2977
1167
2965
1144
3163
1119
3128
1003
3157
1060
3035
1203
23997
1134
3109
1172
3070
1225
3218
1165
3214
1191
5858
1159
3111
1223
3647
3740
3382
3545
6215
3453
4253
3687
4915
3779
3524
3646
3629
3649
3549
3637
3208
3482
3665
5259
3658
3569
3523
3537
5097
3900
3555
3547
3641
3502
3441
3799
3752
3668
4372
4931
3432
1875
2945
1803
4222
2051
16164
1834
3143
6228
2828
1897
3140
1796
3136
1843
3070
1837
5378
2221
2891
1944
3049
1786
3069
1855
3292
1889
3019
1940
4325
2180
3056
1998
3001
1821
2981
6378
3109
1924
3142
1880
3016
1972
3855475
3172
2817
1908
3055
1878
2991
1929
3295
1782
3011
6542
2966
2058
3166
1740
3135
1812
3162
1926
3105
1989
2797
2069
3141
2122
3058
1784
2629
2846
2637
2804
2709
2759
3171
2778
2658
2900
2650
2479
3322
1075
2965
1079
2855
1155
8847
1269
3168
4396
2783
1163
3067
1246
2914
1122
2879
1114
3239
1080
2967
4571
2945
1186
3437
3401
4739
3691
4504
3266
15303
3860
3470
3206
3322
3663
4583
1629
3193
1723
2904
1647
5461
1719
3025
1698
3032
1602
2995
1568
2804
1741
2987
1745
2875
1638
3045
1572
2689
1645
